8228
36241
62213
27913
60025
14412
4746
44407
46371
50904
7148
42431
60836
24227
33532
36565
5488
35353
15595
60399
58239
34967
60432
4799
26243
21467
37770
38324
55909
34080
33508
57423
1481
4321
44048
40252
14383
6119
55888
11562
62665
29244
46683
27523
6658
50693
20119
48261
57212
56490
4229
19942
23831
60599
3644
6546
53974
60074
52939
34888
35880
56999
13846
6464
48816
13582
44950
43984
1630
1178
21030
35173
19351
6625
14748
6269
46539
1669
38845
54719
25135
34282
47471
22039
38104
53875
22772
21856
65330
22833
29441
16184
4927
61115
33936
58749
37943
56128
41705
53115
9315
58721
32963
28840
17093
55304
55913
50180
25128
48821
21113
1001
46181
27307
55443
9200
14497
29049
52744
7504
12216
12166
16895
13414
32819
59178
33157
61933
53174
37709
32750
21073
17664
45884
9242
33595
28587
14602
40670
43522
48054
58453
39174
32370
62356
64839
15317
52027
36126
26334
57
2659
4585
61647
28408
42599
45837
18554
57778
55983
43261
49586
10535
38404
6775
52286
15365
6541
63359
28038
43448
46458
8160
42918
8632
64371
50370
50200
34967
60642
50284
61621
40037
6738
41693
13811
20556
51082
11055
15802
49087
2110
63948
42622
51899
24872
34721
14236
12782
58267
30734
32150
62122
29703
10041
26552
61927
6479
55940
226
62279
55475
43433
23199
53167
60276
47746
4427
48717
38362
52275
18771
56750
50574
13897
50506
34945
62835
26124
23241
7549
57678
54643
64767
60317
62050
21718
14275
52697
16729
65527
63820
33767
47134
8600
7007
2732
37277
48082
13141
40720
56347
6079
49885
58180
3894
10884
11814
63754
28416
24850
40827
42558
13279
27861
49252
37632
479
31398
30066
58797
33649
10421
24654
26522
16889
50
9065
41352
33794
59919
20582
7986
56274
23651
42478
6514
39820
64741
10127
60843
60561
26102
35528
587
18486
11296
4985
29457
26353
21198
61498
16193
60074
1495
24741
53034
30530
45895
56438
51512
9241
58107
18267
6051
8259
22895
12779
8895
39880
62895
47454
1928
210
10489
50482
37368
55888
3772
61490
3623
28847
52739
8617
23840
51947
40937
51267
55958
59618
16916
23061
29083
23933
48661
35149
8306
64118
55252
56032
12469
46631
35702
39100
39322
60567
16249
37819
39038
20894
32588
46839
14329
31057
38629
63160
41580
34704
30180
54468
4503
1644
8668
15166
31914
57038
20688
16961
53395
9780
47093
2891
13895
47373
13466
62740
22464
8740
20234
16884
37280
63082
7779
59351
56301
53173
19028
43553
62404
21261
41261
8413
59695
62947
24456
48357
53920
27543
6096
49881
43695
6162
62601
14066
38716
34598
32194
42498
21185
37226
53644
64789
42075
32820
28225
23735
45149
35298
58577
12203
5427
26512
32394
13009
54833
29816
40507
32135
54052
50985
17695
43789
14054
29799
6767
48821
54428
48266
58706
14921
49501
15692
61003
40969
45707
32027
58253
33928
22247
49285
58578
45185
17686
14497
23583
11231
27850
16463
27373
29123
41843
47237
29551
21969
51618
12122
46477
9564
46614
36059
64490
26563
5715
39391
59412
61573
34201
4664
56079
8053
27055
45947
41505
39040
37898
7623
44133
6326
3342
35648
25864
35302
55692
42808
32332
1491
30553
54746
12965
5487
28781
23149
18909
23636
58218
13230
41044
52502
38946
38148
62566
64534
62898
22345
23091
46222
31185
63017
15912
25323
40061
63127
48128
34945
1109
20799
65369
21286
46428
32679
46644
47109
18654
34402
31148
28633
2433
8185
44843
52275
64674
32187
20938
13734
57864
52136
29056
57830
10049
17710
63869
58211
52369
38876
33260
35321
37068
6635
61581
23029
10144
59984
26697
56467
13713
63952
18305
46878
46480
46587
37006
52307
57632
12985
15549
29487
50226
15105
27107
52846
5418
18466
41406
5580
28233
34443
21281
48410
35881
29118
62312
10806
7045
15672
46429
29125
64250
59361
46502
63438
43708
4392
26202
62716
12244
11489
45005
42943
41317
41710
3566
18954
20546
34007
7302
60683
21165
29410
53964
52392
49935
55124
48433
63582
12197
63126
1076
53065
17995
18677
1538
32102
22872
56435
53107
43220
52437
62717
17736
54171
7378
1475
20809
43240
528
20806
48550
51375
14433
50585
31887
31218
48563
61758
10285
36621
43163
33141
24751
20645
17626
36552
63632
20260
17141
59021
21467
59575
61632
31264
2808
18031
37615
34054
26120
46810
46803
54320
6180
2917
17957
51368
19220
59490
6406
16616
27099
33222
62157
62651
39851
49417
14475
4492
52958
18174
11114
65318
58830
42948
8292
16649
47839
57985
41413
58619
34567
48035
57455
65221
54321
53862
37479
22795
45996
6674
48351
61052
60973
41120
53557
31528
24538
6174
35131
46610
38017
35215
38620
40243
63451
36980
16746
60546
55534
57570
40500
63775
63298
4167
5718
65344
2599
19950
14282
41344
30443
7517
28452
11711
22466
11508
47407
58456
48027
2011
54058
19690
11411
57102
5325
52782
43005
47783
19458
40645
13763
38562
30275
31149
46643
50532
37487
44173
41598
15015
30381
24140
50749
27503
17399
48121
9506
20243
56128
57029
40919
56151
29284
10884
42028
27961
55328
61016
32695
53946
6538
46047
22107
47872
32872
49696
26922
55934
27398
27369
15051
64549
25532
10748
16000
63449
27359
63186
31476
19703
22751
23242
54233
9881
2861
30803
18907
21072
7207
43512
18733
12695
53305
21775
16599
44701
47055
63666
63907
34387
2480
2436
4023
55372
41842
21286
14243
28963
55533
3127
37693
501
10049
38564
56874
51052
36713
48878
2595
41215
54957
51108
31037
26056
27594
25895
11821
17326
58792
7908
26790
4143
24379
6437
27643
54222
45739
47915
59709
12894
20464
49979
20884
5998
7971
21364
25190
46893
16646
10547
37103
15700
14079
15228
44700
44425
58148
17907
41190
34604
14192
35577
22304
47672
21649
15307
7254
44948
15399
15869
58406
26036
17044
24058
31842
32386
47507
45892
29726
11684
12647
104
45075
6834
29171
881
50669
57815
27400
63127
24793
2827
49720
19070
49976
15561
63656
60748
26766
34611
64279
8923
24850
55292
5524
5242
6936
43714
63932
16386
24234
38095
48590
57695
35523
23230
23288
19586
732
21128
21940
2802
56288
12646
29429
60872
31408
21178
60265
17660
4450
36961
43689
5656
58411
64844
15841
43147
31084
3553
939
39817
25097
52665
35015
10903
1545
52568
18973
24836
52792
4951
3989
64513
